,x_coordinate,y_coordinate
0,4.944292754756698,5.111908561815592e-06
1,4.951175375944942,0.1775413115849336
2,4.911195810609293,0.5075230181133914
3,4.854367002235481,0.5366828700097224
4,4.5316667161740645,0.6952710609580807
5,4.4559671344760625,0.7318915062306888
6,4.394397423346775,0.7533814636235946
7,4.165646193696896,0.8083711158266691
8,3.8250964579074194,0.7667593924317583
9,3.7974864399408164,0.7593350402847565
10,3.367629687419154,0.5591722396534506
11,3.3152241870533214,0.43692200717202373
12,3.311009266558611,2.1200404953962192e-05
13,3.314728756759587,3.574836254153968e-06
14,3.3317435210162007,-4.364020276594947e-05
15,3.419704898300611,-4.619186705789601e-05
16,3.556375363654404,-4.879625278812909e-05
17,3.611968043180124,-4.929659571295015e-05
18,3.7236160084115735,-4.9709099496304866e-05
19,3.965846309524285,-4.985371217736989e-05
20,4.481869761696119,-4.97970870269955e-05
21,4.839560899477731,-4.948379586225288e-05
22,4.935503671665152,-4.654255443232807e-05
23,4.941225884290813,-2.1522088633476753e-05
