,x_coordinate,y_coordinate
0,3.3265539956835513,4.5109468575130345
1,3.311009266558611,3.8418383787150714
2,3.3152241870533214,3.624441552227425
3,3.3480993481383354,3.5169310650029093
4,3.3791725983554315,3.4826666393901577
5,3.6327065833160037,3.3391958387432243
6,3.6948243266266836,3.307277558916253
7,3.746733202892795,3.2826786559782617
8,4.0044197272153434,3.22338593809456
9,4.3614097556579505,3.2148441827464223
10,4.707177600501994,3.2302214401746916
11,4.824250916489765,3.460310694321344
12,4.921969350051388,4.009473830384673
13,4.944292754756698,4.194822442006133
14,4.942127672439052,4.7207077489977
15,4.911195810609293,4.971222406396867
16,4.357412995539897,5.009990623125271
17,3.3557677006654956,5.040781274816872
