,x_coordinate,y_coordinate
0,3.311009266558611,4.05996816433461
1,3.3204516138663727,3.4600472379827174
2,3.358896177827315,3.220505479568165
3,3.4081401229142774,2.967345795045155
4,3.4516849723047964,2.8377900166446057
5,3.9637230249217277,2.7588147774674394
6,4.402907966942542,2.7420673293063005
7,4.66072920014191,2.741319906383219
8,4.797430344087471,2.7527767775505656
9,4.9451440488285465,2.974520233903133
10,4.944292754756698,4.373848596294689
11,4.941225884290813,4.697316172364575
12,4.93248233911887,5.00079672432111
13,4.8932079125394505,5.221882354222584
14,4.59591774341106,5.550081531939667
15,4.092594462729879,5.537485030145059
16,3.340983025696969,5.321758039934992
17,3.321738060359546,4.545368034168306
