,x_coordinate,y_coordinate
0,2.9231489616451904,1.5320213360604052e-05
1,2.8657967904966397,0.4401476570327219
2,2.0993930852138605,0.5107570769826535
3,0.4258460988611524,0.49610743764429593
4,2.4489710743173397e-05,0.49067349492285656
5,-2.7799698890677016e-07,0.49029226962976735
6,-4.449151135647005e-05,0.44570047279700314
7,-4.885106638838431e-05,0.4051479784571298
8,-4.9913905338326837e-05,5.297165985860397e-06
9,-4.870500953666275e-05,-3.3252213846921365e-05
10,-4.76263794516251e-05,-4.461087207939955e-05
11,-4.654038250141314e-05,-4.679890792412137e-05
12,-3.966455911192019e-05,-4.868713828610064e-05
13,-3.2259077950342284e-05,-4.966695048360159e-05
14,4.117543232925869e-05,-4.984013898087859e-05
15,0.009090234891638347,-4.9956012146270054e-05
16,1.960165334784365,-4.981845643317444e-05
17,2.441035589268008,-4.955104245600239e-05
18,2.6224610438550093,-4.9439264120994666e-05
19,2.7282452159730295,-4.8277693820398824e-05
20,2.8997880049134612,-4.113293042567619e-05
21,2.9034954521405703,-3.5337442812731304e-05
22,2.920569029390624,7.794251886591553e-06
