,x_coordinate,y_coordinate
0,3.311009266558611,0.9394282958403001
1,3.315760663116509,2.9685953592231662e-05
2,3.340983025696969,-4.241054634875973e-05
3,3.3642046325046677,-4.885106638838431e-05
4,3.981072783380942,-4.9913905338326837e-05
5,4.59062651284894,-4.873137591658574e-05
6,4.735238483994028,-4.7432261612001704e-05
7,4.932398709525343,-3.208014339611286e-05
8,4.944292754756698,0.11447844349315883
9,4.9451440488285465,0.8105472192098622
10,4.942127672439052,1.3730238462601108
11,4.919354881722985,2.2462732903656297
12,4.903947419935691,2.337957215909022
13,4.874933239258123,2.4064541758194364
14,4.44056346715586,2.4425510628849687
15,3.869371640387923,2.4793258766975708
16,3.6712528156619686,2.249971763812428
17,3.407183246576769,1.8291144338306184
18,3.372000515589785,1.7270703762954445
19,3.3557677006654956,1.6255097494354565
