,x_coordinate,y_coordinate
0,1.722953885537131,4.070902762946782
1,1.8006846678135584,3.089117965715827
2,3.233982561889097,3.0954618789342683
3,4.510336972735247,3.1264520603771975
4,5.230839382775226,3.4671122085512667
5,5.35542290853373,3.6087490291888367
6,5.379333611979584,3.786080474463506
7,5.346484729440894,4.335371382857865
8,5.208420916061621,4.700326456251936
9,5.00940294782501,4.814619273781813
10,4.191935254729973,4.894903835453039
11,3.4546834671911157,4.8979203715516375
12,3.2893582698608737,4.877403167731958
13,2.5459061159629077,4.734485876070673
14,1.8274938204319666,4.503155090986206
15,1.7455386864342661,4.33174927051336
