,x_coordinate,y_coordinate
0,5.230839382775226,2.5549933121336923
1,5.379333611979584,2.9152840282858965
2,5.346484729440894,4.108978906549343
3,5.295591751663229,4.410620553635798
4,5.16673056395225,4.665094497503894
5,4.879400037332382,4.796931227167863
6,3.980664371016686,4.964621705867768
7,2.350782748532049,4.981088445076509
8,2.1984998719978828,4.888511345837253
9,1.8703393971994045,4.538467469128453
10,1.6979671776926861,4.337339412840885
11,1.8006846678135584,3.3350078202353224
12,1.8844036947630167,2.9666437377950388
13,2.0346518642219147,2.680235188440872
14,2.697581788242519,2.58238430308554
15,4.090229267305986,2.3942253841643653
16,4.9745126664567065,2.452839191947573
