,x_coordinate,y_coordinate
0,5.35542290853373,2.2553308089662627e-05
1,5.379333611979584,0.26219164211424356
2,5.194975384731025,0.6435149651784215
3,5.124720327001737,0.7690893238533424
4,4.795292753086399,0.8025562279195887
5,4.40879579375957,0.8113784962286661
6,2.6692142656927844,0.7971391034149857
7,2.4185803009342512,0.7938158152599384
8,1.829459661734298,0.7324878121774413
9,1.757254241120878,0.7089274535083551
10,1.6979671776926861,0.09344701985055381
11,1.7952161751787792,-1.2286958127691661e-05
12,1.888013049602065,-3.865859272007135e-05
13,2.160152154107393,-4.6681736355581635e-05
14,2.461760527372633,-4.9232276900178065e-05
15,3.128527124273668,-4.9519124757946844e-05
16,5.026949468315863,-4.9713841261864935e-05
17,5.208420916061621,-4.014772373476858e-05
18,5.292362290618807,-9.561565689482643e-06
