,x_coordinate,y_coordinate
0,2.309207303695213,2.361397893917965
1,2.4642020152535213,3.353576838369359
2,2.2764223563803854,4.481091687308898
3,2.247949999508315,4.5962197694902835
4,2.037246092992008,4.987803992234956
5,1.809196380264914,5.292362290618807
6,1.5464191860729843,5.460656772803204
7,1.2724785279725364,5.417941606874852
8,1.181375983527101,5.40326722740737
9,0.16665606579377495,5.179623949237867
10,0.008431309406560292,4.9837283817784295
11,1.8919801728526676e-05,4.968346894215491
12,-3.996076478619792e-06,4.961784344759555
13,-3.478857147718781e-05,4.856694449770134
14,-3.981104910845998e-05,4.771226107009222
15,-4.775333692311989e-05,3.7222333835430077
16,-4.9676944209759475e-05,1.674535692348259
17,-4.2927257312405145e-05,1.5154548724088945
18,-3.524778330565951e-05,1.4625797789468118
19,-1.782690806176327e-05,1.4263392342525278
20,9.213764740922114e-06,1.421680647519081
21,0.20210840642737396,1.4622941466931378
22,0.9819208518633645,1.6427760312047421
23,2.205045546176827,1.947849326868782
