,x_coordinate,y_coordinate
0,-4.95044629285479e-05,3.372378218131665
1,-4.7808354196967865e-05,1.6095894510606639
2,-4.566390627879446e-05,1.6013018392073932
3,0.002417667304471862,1.597867290797613
4,0.15260762537947656,1.5198986597834114
5,0.4514049826792842,1.4409666189922143
6,0.8000760170211132,1.5276426325570824
7,1.2043714588658112,1.6437836603762936
8,1.4409057121848954,1.7487029593166534
9,1.6263307312106579,1.8829255255444182
10,1.8970459811387175,2.118633754729404
11,1.9529740146257601,2.189138631377115
12,2.184191973496399,2.6101731591042943
13,2.4640835831020493,3.4069399274354653
14,2.4789389203473036,3.7995539919215964
15,2.4470368820524224,4.045317642429877
16,2.44444439793337,4.06205744831822
17,2.2339996637426833,4.608812428293364
18,2.0575143518431767,5.0203644192158245
19,1.9874470217620364,5.162947302486351
20,1.818372163508597,5.385251057939384
21,1.5353782320567788,5.420379721483569
22,1.0206007863666302,5.460656772803204
23,0.4189519945432995,5.35542290853373
24,0.07833375801176608,5.263275649231211
25,-4.6950120161329023e-05,5.2169538861508595
26,-4.902334156408381e-05,3.9503865838089105
