,x_coordinate,y_coordinate
0,2.2513247139962873,1.531173341307896
1,1.6406978710321392,2.2930033859497145
2,0.9965075969544271,2.016462108753995
3,0.3904591332480391,1.6905167472893927
4,0.055398726522346765,0.7763236922471075
5,0.011631974084018278,0.24195953523802835
6,0.0021793522471127216,0.0711148166819531
7,0.00034628345780453464,0.0002511444541133299
8,0.0010606756947096863,0.00011728703018870241
9,0.002857936524675768,7.557275765015743e-05
10,0.0246674677761816,3.917453511350798e-05
11,0.14932708315718232,-4.846513672172249e-06
12,0.4897562595929494,9.408283324186461e-06
13,1.0414546653601797,7.535651212730801e-05
14,2.1212757212385607,0.0009223377561394762
15,2.211609237008272,0.027009541752985474
16,2.4031894802370575,0.12088070496219551
17,2.6028866571717657,0.33272557668618474
18,2.4975951690610922,0.7244000387863769
