,x_coordinate,y_coordinate
0,5.799253934489903,0.5984945145647196
1,2.4434255511373535,2.0093465846804075
2,0.6489307740727385,2.207883986893244
3,0.08296860808749826,1.4016210363640884
4,0.02299003856519433,0.7799280379575141
5,0.008834215575052444,0.5598054280402419
6,0.0007137891031695369,0.3334424303477528
7,5.5134382921818825e-06,0.0819399720330787
8,-8.774092640334349e-07,0.025241993552025884
9,1.5932816538237015e-05,0.02250548162654628
10,0.000785236979416631,0.019671969739421848
11,2.4725477928747264,0.07156431936743331
12,3.6609619156500535,0.12605687524682924
13,5.1322201351592796,0.2959933372461957
14,5.216632151818462,0.32522841070434827
