,x_coordinate,y_coordinate
0,0.4375729422478572,4.248505650952028
1,0.15793759203811739,4.20465697812192
2,0.1433714085989121,4.043073437845704
3,0.017311750991647425,2.6390565381252005
4,0.00036964970762723296,1.9458965179933267
5,0.00013935327915693446,1.791716227547574
6,3.287100958101772e-05,1.6093925362924444
7,2.5387843309467694e-05,0.6931333592410717
8,2.4824673367262206e-05,-3.691681295978617e-05
9,0.00030775998690868006,-4.6872542816149066e-05
10,0.007810484137465025,-4.767030116406472e-05
11,0.250744909586444,-4.953988307991098e-05
12,0.4910481314409905,-4.660544933664992e-05
13,0.5677098374928233,-1.1440501939953518e-05
14,0.6167586558737518,1.6972226415102486e-05
15,1.6668688383141932,1.0986062147615987
16,1.8019491140079424,1.6094838196030545
17,2.0069566665200838,2.890394916320172
18,1.8430324241449103,3.7842122542911394
19,1.3579660692187037,3.970256137806585
20,0.6680136646272538,4.234083597155181
