,x_coordinate,y_coordinate
0,0.6819179214179228,0.5274456254614873
1,0.6755500467250616,0.6817413011470229
2,0.6508040230201955,0.6923622570997231
3,0.4616756943256059,0.6927024677869852
4,0.42086802798712397,0.6913412486001411
5,0.4140380339753427,0.6909910951578345
6,0.4068192749938045,0.6906134096147986
7,0.4059070326029505,0.6899190177788231
8,0.40556512087400337,0.6486069861153669
9,0.40568647805284286,0.5759604006753122
10,0.40618917077371064,0.36872719832626044
11,0.40764448185946295,0.2872778832973398
12,0.4097587062388591,0.2588860694492174
13,0.5140953397656762,0.24009688159213602
14,0.6214244604340179,0.25098003836970806
15,0.6637558817367609,0.40111236898162017
16,0.6747076381166899,0.4558822950422704
