,x_coordinate,y_coordinate
0,0.2865032110381404,0.4939799209744063
1,0.4466517270740316,0.3459081718750452
2,0.49839717328136623,0.3129304438234241
3,0.5768738113586191,0.28566311618874074
4,0.5951476053579314,0.2871606678209239
5,0.6792406505279004,0.3716303115259977
6,0.693024526811462,0.38710443110209725
7,0.6930863077477104,0.4819096433395311
8,0.6931606403622257,0.6753899450479672
9,0.693101056660429,0.6927024677869852
10,0.6310262468505469,0.6903681560015572
11,0.5117360364102862,0.6815486459776868
12,0.4748583220465984,0.6611423467237254
13,0.4627487249031115,0.6538965830360465
14,0.3870614833541277,0.6004309701161028
15,0.3469888838771656,0.5609723305651042
