,x_coordinate,y_coordinate
0,1.152802352744475,4.292632987507965
1,0.9314502633712297,3.9178613474768698
2,0.16900903169447776,2.2872526304717744
3,0.11828344155860343,2.146348848276003
4,0.12018861579591836,2.103693547449835
5,0.2767637693162809,1.3657831348800609
6,0.5064785942418026,0.35100238815420415
7,0.5750780022263896,0.08712618750528897
8,0.7114675423570942,-1.4991386419026586e-05
9,1.0030596530687481,2.3634155812377955e-05
10,1.1241072989241927,0.13217417047178895
11,1.4864794209005605,0.5798066607980971
12,1.6002893363859174,0.7290422001281821
13,2.268620274905282,1.6593951850603108
14,2.3585529904170093,1.838789259335325
15,2.372585778455723,2.039306136664723
16,2.3918918670978218,2.536068228155818
17,2.3704214623488045,2.983081144093777
18,2.3135089286185995,3.3096864968009982
19,1.9170282197536597,5.0107085212243945
20,1.8726005102004,5.052024585409212
21,1.849015033123622,5.0511904163005665
22,1.4939589972770708,4.711083870231987
23,1.3300051249667908,4.523987231987276
