,x_coordinate,y_coordinate
0,-4.510114490761184e-05,5.631488028025712
1,-4.9634742100144295e-05,4.879330776856367
2,-4.9564056948194846e-05,4.006343355408325
3,-4.670561688019607e-05,1.8986389245902895
4,-4.583109559167544e-05,1.841752267185781
5,-3.1952730911785674e-05,1.1670971898437446
6,-8.52235350358067e-06,1.0913661736592783
7,2.4107207951546196e-05,1.021319937021743
8,0.22274824577063995,1.026763308640269
9,1.4641278775308764,1.5856007206888074
10,1.7484611462305542,2.2512627068069277
11,1.9887736231500763,3.4407665548255664
12,2.160222652510684,5.50186049250153
13,0.7837964221619552,5.657893494704703
