,x_coordinate,y_coordinate
0,4.033741251201874e-05,0.6367478190485747
1,0.8825418149992702,0.5510344661994923
2,0.9985548276239172,0.5534068919312861
3,1.303992394820356,0.5860618691342447
4,1.6820676165029114,0.7114675423570942
5,2.245952753285674,0.9345805645479568
6,2.6721845185672484,1.2849731676656704
7,2.7587015528047942,1.5461970632105368
8,2.7899240009881883,1.8950937397061367
9,2.7767912613195085,2.0366835156439396
10,2.6096577067864613,2.2983480930884106
11,2.4444592509890577,2.3469921740771973
12,2.2547071155791882,2.379911236937294
13,1.4537361412894751,2.3903526862074482
14,3.284350968755924e-05,2.3918918670978218
15,-1.466284119911414e-05,2.3813470159174894
16,-4.565909753396351e-05,2.349444795618827
17,-4.6149701446743465e-05,2.348029994388859
18,-4.8176027391315975e-05,1.8557151296425287
19,-4.3311397403727594e-05,1.2976299713751798
20,-3.471387814382715e-05,0.6522492126466032
