,x_coordinate,y_coordinate
0,0.007177086953385094,0.36494003822557325
1,0.06318722718806567,0.35387346275325215
2,0.09372261695185814,0.35054246462099825
3,0.2654279476066855,0.33304707004910356
4,0.2802631850951593,0.3333254161936693
5,0.43752640598712517,0.4021575947874026
6,0.48534757163041464,0.4274276866834516
7,0.5006260974126481,0.4766319888013353
8,0.5200960217708831,0.6880532465344138
9,0.15238122475761176,0.6920716128777465
10,0.0961651847944921,0.6926346176731136
11,0.011628628772097957,0.6923738706237722
12,0.004995480807262609,0.6918185672710853
13,0.0012382884260094026,0.6902859437638826
14,0.00015584591369348586,0.6849952929960892
15,0.00029576851579690683,0.5823722259632963
16,0.0010000346435063885,0.4806724721658138
17,0.002939579694147242,0.41713360727910265
18,0.006231383698422766,0.36875911887211876
