,x_coordinate,y_coordinate
0,0.3724127177596999,0.6681874503370815
1,0.376151695450521,0.6839478813701713
2,0.37574062815781695,0.6871802023410661
3,0.36692526314530555,0.6922964538161096
4,0.3576418138897443,0.6927150341650726
5,0.3486294278241208,0.6929366378159767
6,0.33127757181477924,0.6929700591907318
7,0.2994243249838602,0.6930100829755028
8,0.0961651847944921,0.6931006096520611
9,0.014022537836406347,0.6930358188395344
10,0.004995480807262609,0.6922199766507632
11,0.001321197690258165,0.6854640542237979
12,0.0006779911203036071,0.6756779890193231
13,0.00038729641004286823,0.6642804415791519
14,0.00015584591369348586,0.6418055901838405
15,0.00029576851579690683,0.4530946096412663
16,0.0007550052848782917,0.42147538289781206
17,0.003328326705991037,0.4079418005488361
18,0.015977562375036624,0.40626625974994995
