,x_coordinate,y_coordinate
0,0.4079418005488361,0.6798937477859787
1,0.3990877229878081,0.6394659808703116
2,0.40626625974994995,0.5724717617898474
3,0.43010841842820074,0.36812922972546935
4,0.44660684617390095,0.34590950848534036
5,0.4983798910467381,0.31291124523084696
6,0.5410347029616416,0.3024371216075727
7,0.6255639892052071,0.28737396213454414
8,0.6791478905851278,0.3333254161936693
9,0.6927115200877813,0.34534326982826696
10,0.6931292537053566,0.36936805871096345
11,0.6931797163944503,0.6716203000489315
12,0.6931113616424086,0.6907385677519466
13,0.6931006096520611,0.6926346176731136
14,0.6310151971631699,0.6902859437638826
