,x_coordinate,y_coordinate
0,0.407612425849615,0.28737396213454414
1,0.4939293543576731,0.28713685038045195
2,0.6327744551808392,0.3098977067872783
3,0.6531307410553491,0.33530931499938615
4,0.6620922449122377,0.3518450674891973
5,0.6705149104607523,0.40326341204014743
6,0.6720342991544036,0.4164751255714659
7,0.6746830441074111,0.45583280288297323
8,0.6780071176587333,0.5396129579868207
9,0.6781984954294754,0.5549737045778445
10,0.6703434786881364,0.6585292524244424
11,0.663649273670418,0.6825505332033389
12,0.6600821735004481,0.6853472357885818
13,0.6507975295230457,0.6923738706237722
14,0.46167898635265864,0.6926346176731136
15,0.420864216518128,0.6913295681549563
16,0.4181337431514334,0.6912103339843046
17,0.41404739218563125,0.6910082918112035
18,0.4068216382930222,0.6906278544550996
19,0.40590269017882946,0.689910260890113
20,0.4056047730568288,0.6486294845183859
21,0.40570654731301464,0.5759941471563449
22,0.4058822891647017,0.5011789254113697
23,0.40619890871477016,0.36875911887211876
