,x_coordinate,y_coordinate
0,0.42248358529276236,0.49503348029103345
1,0.3868018640787545,0.6703434786881364
2,0.2716808717711084,0.6744564282558974
3,0.20367907615665734,0.6720342991544036
4,0.05156049826065897,0.6660981332661281
5,0.010693477179199372,0.6633717641288166
6,0.001144690189581415,0.6474396984135169
7,0.0007550052848782917,0.5993824963679268
8,0.0005376062816686563,0.5584160132542862
9,0.0005037512679507473,0.5518961294956944
10,0.00015584591369348586,0.4130672119033252
11,0.0006779911203036071,0.40590140265184654
12,0.005676032413361692,0.4056047730568288
13,0.04926607630314976,0.4058822891647017
14,0.156953480284986,0.4068216382930222
15,0.37574062815781695,0.4107522461615843
16,0.40589465910490535,0.44448813546082044
