,x_coordinate,y_coordinate
0,1.995105395150237,0.48729663023166797
1,2.0427763497831757,1.2374993626851683e-05
2,2.0589459214892347,-4.029122952399811e-06
3,2.1234167447407857,-2.5812166881707654e-05
4,2.1834051602302798,-3.558531794754957e-05
5,2.7688795586141084,-4.7507581982822886e-05
6,5.345919208822162,-4.577452609038202e-05
7,5.563494358372855,3.7885532753564434e-06
8,5.590145730528792,3.393499102818229e-05
9,5.674561735229246,0.13620816479765918
10,5.634785721917529,1.4290467937613538
11,5.548397570578111,2.4434500245091995
12,5.14151442385536,2.6624392713869707
13,3.740121090657482,2.8432611222332396
14,3.0109983410792016,2.5530768954026324
15,2.417930764706863,1.9159299120475843
16,2.1995291202476457,1.6197883999035143
17,2.02004898080751,0.9503890262556571
