,x_coordinate,y_coordinate
0,5.640720246839981,-4.01740352049349e-05
1,5.674561735229246,0.4902361696134576
2,5.55615735032445,0.5563950611950697
3,5.269828480840893,0.7099938350109355
4,4.995512441211507,0.8026078570898025
5,3.6578713608561464,0.8230336870526268
6,2.582166765791185,0.6557945228461907
7,2.4051226175341633,0.6151803931865386
8,2.085251887100659,0.5223228243528033
9,1.995105395150237,-4.237436990890519e-05
10,2.5571277877007708,-4.977600309450062e-05
11,5.555653355562384,-4.954145989463654e-05
