,x_coordinate,y_coordinate
0,4.269932895460068,2.158522084447722
1,5.3369414068497285,2.4894392005357084
2,5.555653355562384,3.4230610831497397
3,5.674561735229246,4.136333803626039
4,5.6575056173047695,4.499739378132759
5,5.640720246839981,4.840400426963896
6,5.6271830883185725,4.9577098702652105
7,5.10443262013762,5.053584004084068
8,3.1336069615733146,5.230375922880638
9,2.1067368100684853,4.933794223243208
10,2.0589459214892347,4.71002842373175
11,2.02004898080751,3.86593717176053
12,2.085251887100659,3.6443842963603976
13,2.3937271820203887,3.3040250338286543
14,3.0166300967619386,2.7106314790753383
15,3.464525489652913,2.5046231586920995
