,x_coordinate,y_coordinate
0,5.634785721917529,3.4499567697832165
1,5.674561735229246,4.41698625078757
2,5.623145764485686,4.7705618138203665
3,5.067785831141752,4.9042292196759485
4,4.92028253298867,4.928695255975891
5,4.151679710677183,4.958190420583451
6,3.4939299871858664,4.8961836267055885
7,2.085251887100659,4.749562846968257
8,2.0589459214892347,4.52800451215562
9,2.0738398554134254,3.7974324467117175
10,2.2920961706058427,3.2279990362905093
11,4.0295374826310555,3.1158568198771843
12,4.513179185076232,3.10448978116261
13,5.554862682740011,3.382375677100722
