,x_coordinate,y_coordinate
0,5.141963864380371,2.6149956253073414
1,5.357387309811364,2.7779324794343343
2,5.4080655603988825,2.865826020461841
3,5.563494358372855,3.163345433049551
4,5.5802927784450596,3.2347213452694397
5,5.6575056173047695,3.923073248633883
6,5.674561735229246,4.13076570620437
7,5.455036837607159,4.936364307017862
8,2.889337124749788,4.883120352858832
9,2.317853032821453,4.83828711892812
10,2.0589459214892347,4.7566134453035485
11,1.748420335006333,4.517694907862316
12,1.5041046758625052,4.141506054081449
13,1.4228669398533067,4.004732017647423
14,1.4659452910041437,3.4761875527344293
15,1.4945952118735606,3.2600260542741997
16,1.5751701330025638,3.1771126302598596
17,2.310182777364749,2.783124035503686
18,2.51115883854593,2.714041361814981
19,3.050331325123607,2.595738023625828
20,3.656618254756427,2.5637740430400844
21,4.994786143113237,2.606460537566829
