,x_coordinate,y_coordinate
0,0.4335015492783641,0.5004145323762041
1,0.45730824018600424,0.49991664932375324
2,0.5631595478694322,0.5109062061904427
3,0.6209876706769953,0.5232868312112741
4,0.6574482244367847,0.5551490327727819
5,0.6645417802897198,0.5641402262528401
6,0.684921297473328,0.6077865727201958
7,0.6839198714455984,0.6650435088478499
8,0.6834549291677496,0.6796987120391225
9,0.6831708976095293,0.6870574974200181
10,0.6809687455893272,0.688452423590938
11,0.6780374484782687,0.6899482322009034
12,0.6381150006288833,0.692759556815984
13,0.5921501539078409,0.6930244121817803
14,0.5081377266639379,0.6931433608085545
15,0.4235372056131918,0.6929826210467254
16,0.41180794544300353,0.692848893815436
17,0.4068982304496057,0.6926092245152888
18,0.4058656627271735,0.6572610176871102
19,0.4122333730268567,0.5862909573711748
