,x_coordinate,y_coordinate
0,0.04167316829862749,0.5236439721042339
1,0.13683798752793544,0.5109062061904427
2,0.28699997126607013,0.5255002066944756
3,0.32803626713536965,0.5604346951658448
4,0.35911620897199553,0.5895149087204239
5,0.3793500139650068,0.627631234641913
6,0.38316865863550836,0.6683981743238336
7,0.36215861222490936,0.6841564937388777
8,0.35404747043074153,0.6896964258972671
9,0.21074782415826074,0.6918796877370867
10,0.0018008642675618612,0.6931433608085545
11,0.0013087572108503363,0.6930088985576593
12,0.0021836874586841836,0.5843389976116032
