,x_coordinate,y_coordinate
0,0.38316865863550836,0.5722299546066626
1,0.3793500139650068,0.6101444423434208
2,0.25949475860245497,0.6811758945235253
3,0.24772131382409243,0.684921297473328
4,0.043239562605849234,0.6839198714455984
5,0.026408557376518364,0.6834549291677496
6,0.025581952276988888,0.6831708976095293
7,0.019877246372913996,0.6793873603140741
8,0.00430894400556262,0.6449663142498582
9,0.0018008642675618612,0.5081377266639379
10,0.0013087572108503363,0.4717669919266497
11,0.002086157057672679,0.4405810728309024
12,0.003326994373730468,0.42065311837510655
13,0.008437081947746712,0.4122333730268567
14,0.01298002174927166,0.4084593526867364
15,0.019809308117541325,0.4068982304496057
16,0.08804676590125382,0.4058656627271735
17,0.20910310637670373,0.40778816714232236
18,0.32789932970577534,0.41066456645364113
19,0.37028953726365205,0.4590825904373875
20,0.3814770828345419,0.5503341329155982
