,x_coordinate,y_coordinate
0,5.488180531891911,0.8673852881537396
1,3.00811838967196,3.7012069254647684
2,2.5031270968137562,4.144546222501467
3,1.4262193119421782,4.033654175941591
4,0.8258430965456377,3.7463224935842403
5,0.6804588473686893,3.6635408445976676
6,0.3867305866194149,3.4495713382593585
7,-4.476532515367322e-05,3.1519084488233378
8,-4.6465007103696364e-05,2.836763744274988
9,-4.78739181593179e-05,1.8261999508725233
10,-3.593075411096519e-05,1.3011226361872925
11,-1.1551362947194732e-05,1.0002487636633521
12,2.7754321077612433e-05,0.7876063405305705
13,0.08572056083572566,0.49973831736890884
14,0.4458223113389904,-4.2313629699740904e-05
15,0.6115491004631297,-4.640363798967992e-05
16,0.8740289205128838,-4.8641902810909965e-05
17,3.882253840222792,-4.955434168222523e-05
18,4.6084861454596515,-4.484924608936891e-05
19,4.736361166551611,4.465577876048284e-05
20,5.146124587780008,0.29712509957138444
