,x_coordinate,y_coordinate
0,0.16287946156330813,4.374804031326879
1,-3.259479818490982e-05,3.489406887255709
2,-4.5364261145927834e-05,2.5689394208934235
3,-4.920764206432432e-05,0.9468901956746546
4,-4.78739181593179e-05,0.4044977951645951
5,-2.2210472800003466e-05,0.3393387066161356
6,4.703333009327534e-05,0.31117931829552453
7,0.012808730799559857,0.264575876762982
8,0.126782385843946,0.050155128004029194
9,0.16721624392922588,2.1662759593874013e-05
10,0.28533037501439956,-4.691776293678592e-05
11,1.653513798223359,-4.9937483116252834e-05
12,2.5280632663622744,-3.964183600533674e-05
13,3.7077062593957,9.117803455308326e-06
14,4.1802023276606795,0.28906792008019117
15,5.148568350759664,1.6797624706269012
16,5.573731589104212,3.434056372930373
17,5.68899601908971,4.48406814095545
18,4.768100283431606,5.739232332218356
19,2.1528138371306285,5.309680224192273
