,x_coordinate,y_coordinate
0,3.2032514947335913,5.192915979962406
1,3.185395840682353,4.035315228698006
2,3.194168870929118,3.5856991145174075
3,3.2061891881696223,3.5586390800571346
4,3.448167369740252,3.2935837196633866
5,3.4942787239451656,3.2446167533292507
6,3.6101069298412973,3.1534141263607167
7,3.779890825136102,3.104246123346375
8,4.068592466279969,3.0936759564752774
9,4.220541780120549,3.1003558739302233
10,4.302194792929886,3.1061545627902585
11,4.3680691603514825,3.1341926748342566
12,4.444285604844313,3.1706182310628184
13,4.5063262481939885,3.2103748093134694
14,4.786595946123736,3.5833197083743262
15,4.913771475843128,3.8578281687720897
16,4.982373120014829,4.328699890140655
17,4.991423185838387,5.165111076342109
18,4.986618737705205,5.244386327147682
19,4.966517268168299,5.41828835686346
20,4.935544433695315,5.628304784853579
21,4.914145057912732,5.673817830042315
22,3.686921627147679,5.723538133322745
23,3.372305845597177,5.725337923904348
24,3.2678074965087593,5.680206971424042
25,3.211876326581421,5.636367579632346
