,x_coordinate,y_coordinate
0,0.38046624987659206,6.091871460757968
1,6.125560572325839e-06,5.8963702897880115
2,-1.8773137369393978e-05,5.88163478009233
3,-3.857250055198832e-05,5.7879020253576465
4,-4.6390513342705876e-05,5.658284739514148
5,-4.939438627097879e-05,5.335080640633711
6,-4.9851827858609634e-05,4.861727471263237
7,-4.9990380749256716e-05,2.4742687880138297
8,-4.931450870996254e-05,2.107413493051242
9,-4.6197326136941595e-05,1.7449128034841637
10,1.2862596039136643e-05,1.7410963284148653
11,0.5555116497961988,1.7995092633055287
12,0.9722362300310617,2.3588567460560537
13,1.2841693844184243,3.3500138440429015
14,1.468876155126503,4.44110056436873
15,1.3678242793469002,5.336723912761973
16,1.1756020651529375,5.589808737664209
