,x_coordinate,y_coordinate
0,4.663083899377114,0.8347905847110789
1,4.740583151267067,3.468965683359101
2,4.233534356657174,3.878741462980783
3,3.7051793089623373,4.156334538534596
4,1.2758927303999257,3.9766816941791387
5,4.253750217005139e-05,2.853169675932872
6,-4.78739181593179e-05,2.8489598438622847
7,-4.476532515367322e-05,0.9034580802338519
8,-2.680228672388155e-05,0.7966652004978039
9,-1.4091752879881425e-05,0.7768380124222272
10,0.09903684457006386,0.499431613971349
11,0.4626658085167372,2.2781524389650996e-05
12,1.0290491305618368,-3.2819783589282584e-05
13,1.9266520827553697,-4.592112714378715e-05
14,2.2444055737705284,-4.7162979717304564e-05
15,2.450205546299372,-4.773145690259486e-05
16,3.4952945600273426,-4.043301940796081e-05
17,4.393980274631646,-5.8686705609355404e-06
18,4.55016074906317,4.0691828042221434e-05
