,x_coordinate,y_coordinate
0,0.6819446325028126,0.5274630140079483
1,0.6755671477795319,0.6817722064464475
2,0.650812186010689,0.6923623672469097
3,0.46169058555969844,0.6926571986264544
4,0.42089149005622456,0.6913776597166468
5,0.40683377392593373,0.6905998057070867
6,0.4058797259649968,0.6899248096039372
7,0.40558107544332433,0.6486062787924749
8,0.4058643114441614,0.5011772194751832
9,0.40621535447045654,0.3687266034759782
10,0.45004539908993707,0.3650190698683207
11,0.5303883303432398,0.3674539893377964
12,0.6021146594497895,0.4065259240904885
13,0.6666194513461321,0.4499642194400295
14,0.6747428323636137,0.45589939327501566
