,x_coordinate,y_coordinate
0,0.6850697842040835,2.782926244592562
1,0.6464381282118611,2.760792718742941
2,0.5164091965165521,2.051466876000698
3,0.430107880381777,1.5289582259230041
4,0.28645165612049445,0.654884488318829
5,0.37098101241796094,0.05110052841528287
6,0.3866854687524358,0.008728898117521755
7,0.5812026549292444,0.0006456461319208233
8,0.6848896419428094,0.0011151593106357204
9,0.6926905452185271,0.0021654096090954612
10,0.6929801538528727,0.004012009151798766
11,0.6930136301985337,0.004910030923167529
12,0.6930420890567549,0.013390108644657329
13,0.69309063880441,0.056583276993292145
14,0.6930931548487291,0.10716415528025992
15,0.693129099041452,1.5075559080362693
16,0.6930945739751357,2.140761029280946
17,0.6930464079997156,2.62964527520809
