,x_coordinate,y_coordinate
0,2.4351692845858905,0.12909270141209303
1,2.4031161830274566,0.44612690968855534
2,2.150586545680254,0.48643847049430045
3,1.5042122225877022,0.5200292395690306
4,0.01648637906925877,0.5389906135153943
5,0.0033293210363196167,0.4502381733754255
6,0.0011151593106357204,0.4199217152733456
7,0.0006456461319208233,0.051544762846962515
8,0.003487630046945854,0.0050368622028389995
9,0.00604943369927448,0.0006702203584459453
10,0.020905673290477107,0.0002801561540052255
11,0.05341212109180934,0.00024717222387557865
12,0.41974522417129817,0.00019979157362603236
13,1.774173201013444,0.00037391445102938174
14,2.353027313727823,0.0018907036664706227
