,x_coordinate,y_coordinate
0,0.0006885782270919573,0.4795564009766532
1,0.0019118954980166596,0.4053674906932144
2,0.6463857532190036,0.40626085984239474
3,1.809640967441926,0.6164501470319321
4,2.0429346059126194,0.6875400598626652
5,1.597429055038613,0.6910540300517464
6,1.2613575352537656,0.6925701871575459
7,1.142483526166074,0.6928126683578674
8,0.8071699296168221,0.6930392414551318
9,0.5371563450079662,0.6930821119957481
10,0.21983659074935985,0.6930898661971961
11,0.08301874182836452,0.6930931548487291
12,0.003406761052163323,0.6930681873711368
13,0.0008247489254757328,0.6925882234705807
14,0.0007724417505842503,0.6850182138893885
15,0.0006928746910074635,0.6007057285952027
