,x_coordinate,y_coordinate
0,1.809640967441926,0.06628540182662271
1,2.0429346059126194,1.117199235537679
2,0.8131063583395036,2.383802390069828
3,0.557343566788633,2.5285911523050912
4,0.015119216037685197,2.552328567412999
5,0.0019367934936903594,2.1212599534077587
6,0.0007724417505842503,1.7967748557172587
7,0.0006885782270919573,0.08018138327520927
8,0.0006928746910074635,0.026248454699361882
9,0.0007813882419593402,0.024672181473729647
10,0.005306494311919306,0.0028823789321915792
11,0.09803838875598186,0.0006456461319208233
12,0.2529429255657561,0.002120520988110844
13,0.5619587579592209,0.012350998794474597
