,x_coordinate,y_coordinate
0,0.49265412978027906,0.7152721572509871
1,1.456358001158795,0.28988510801139517
2,1.8612002492714983,0.19673423970227272
3,2.617505824153022,0.04549212643450702
4,2.8746951781905827,3.845759073593212e-05
5,2.8777281988650105,2.6187841549289437e-05
6,2.8888671877876457,-7.94568434578028e-06
7,3.0695319721390493,-3.0207196727477835e-05
8,3.4031081024431944,-3.482764661352327e-05
9,4.555628254897761,-4.093899012751234e-05
10,4.5745843966007955,1.6753069638694005e-05
11,5.009292078936455,0.25693069758764736
12,5.555576085574991,0.6201288960381969
13,6.051635247503688,1.0439469165933588
14,6.1959193420735685,1.2844771214288953
15,6.267897284820894,1.9928046562151547
16,5.928597741323637,2.18287248586067
17,5.457664653187849,2.278173456404186
18,4.9453829294270655,2.3728153139569708
19,4.660129491420806,2.3980204519170676
20,3.919755484948338,2.394440038476818
21,3.255915449807488,2.3711054122762256
22,2.641088155656226,2.2297091117759513
23,2.1973255445186712,2.0834865685799016
24,1.4946374142541476,1.5960465344234314
