,x_coordinate,y_coordinate
0,2.39526802812145e-05,3.8214342472041682
1,-4.85417747496907e-05,0.9699535941581092
2,2.4473550675798273e-05,0.018471276250502596
3,0.2367296527707623,-3.729786622552994e-05
4,1.379958628194408,-3.788007956239915e-05
5,1.9257846515656585,-3.599400913278456e-05
6,2.9485757268020065,0.4411648362494974
7,3.998483800454117,0.9043727891337731
8,4.325993777742614,1.318155620131781
9,4.6281646665972636,2.2330072057372288
10,3.6076215951746367,4.211809731571314
11,3.1257432545360846,4.473682605321738
12,0.44504488722384,5.285703700243249
