,x_coordinate,y_coordinate
0,4.78862374190973,0.7820525019644856
1,4.967050173431344,1.3183854845904879
2,4.9363912539906005,1.5823992241110414
3,4.828538887513026,2.0221309033709023
4,4.747538117888561,2.258521775833755
5,4.098679623141798,2.3304787683054173
6,3.475304718775871,2.329307356774956
7,2.794662834248096,2.3220413079055415
8,2.5957458076343376,2.2678935626339896
9,2.477585045016069,2.233949619583098
10,2.4660351441843793,1.6543644380449738
11,2.4778073762747623,1.0305186561469846
12,2.606458731470547,0.5941649379722576
13,2.9744931334363494,0.48211615728507334
14,3.023363956386543,0.47688512807684597
15,3.691484359654633,0.4740715496321067
16,3.88796752762515,0.4940827902457351
17,4.279467393975157,0.5620920549958958
