,x_coordinate,y_coordinate
0,4.80572798335823,1.6746221605809348
1,2.322884600039989,3.605310072805053
2,1.9159426180230326,3.519115004656492
3,1.3853811157025973,3.3741366185159363
4,0.5207709788421309,2.758258921085389
5,0.07459215563493322,1.8688207998412292
6,-4.85417747496907e-05,-8.898265232665582e-06
7,0.07694295148398264,-3.773429685706662e-05
8,0.41900502859550554,-4.9509841980258806e-05
9,1.8300424625395537,-4.7446146955812685e-05
10,2.9315164126975723,-4.3952238140614116e-05
11,3.1355317831303484,-4.189823653964843e-05
12,4.57256844335933,-2.5419179351509903e-05
13,4.838644886225826,-6.337883605139483e-06
14,4.910578199999285,0.021452163561966907
15,5.719576665123175,0.42509112413865285
16,5.460989263202879,0.820523933871412
