,x_coordinate,y_coordinate
0,0.5185824486657681,2.124613287567032
1,4.9372804494801635e-05,1.2657802741743314
2,-5.833664648041092e-06,1.2508054077158712
3,-2.5679805802701328e-05,0.9608088345260286
4,-3.8961892009064705e-05,0.7139179167249904
5,-4.364179448537694e-05,0.5253050399189273
6,-4.849928193030449e-05,0.3004927819191132
7,-4.964419599465371e-05,4.463327368641301e-05
8,-4.89555807977617e-05,-1.586809269748838e-05
9,-2.9676953928962093e-05,-4.962232492447386e-05
10,0.15742374756184344,-4.9762857678214625e-05
11,2.5585951908807876,-4.993744365744146e-05
12,2.888685729597209,-4.993381716544273e-05
13,3.7222486815909774,-4.951586231266837e-05
14,4.386080079522813,-4.471864198552505e-05
15,4.498282377694208,2.8258057047415775e-05
16,4.508092840449572,0.020078347141042514
17,4.52112858833576,0.5534498954414897
18,4.381495478861737,1.0720627960864555
19,4.275511642909513,1.4310002022037578
20,4.20632558400767,1.5640975382797864
21,3.5547857572887884,1.9572724379694317
22,1.86515580286846,2.2673007756731756
23,0.6343926382584419,2.256958412482029
