,x_coordinate,y_coordinate
0,2.415357027085437,1.6667572665365362
1,2.8655384901079066,3.847897467472833
2,2.735929660886486,4.002849336422266
3,2.3460863464241672,4.225891126764371
4,2.039123746344185,4.374033107790987
5,0.9534435812860844,4.692680555514513
6,0.8055250328876598,4.717664626751847
7,0.1051920975650703,4.768111493569418
8,7.537822129369265e-07,4.627736339915944
9,-3.972344386380966e-05,4.20632558400767
10,-4.95630491728823e-05,4.095490862192369
11,-4.942690037177291e-05,2.879061938696875
12,-4.898185373401957e-05,0.8880916739612744
13,-4.879043864520024e-05,0.7113746956644847
14,-4.7860158110788255e-05,0.39485627912787197
15,-4.5795157839578746e-05,-1.769397522738112e-05
16,-4.052303208551742e-05,-3.446889000953438e-05
17,-3.538501845899834e-05,-4.0436062619435675e-05
18,-5.149591240285445e-06,-4.6961624300222995e-05
19,7.873963718972043e-06,-4.964419599465371e-05
20,1.343758231770382,-4.89555807977617e-05
21,1.6747188873530765,-4.5011971059249456e-05
22,1.7902037961024835,0.13461613550411466
23,2.169533323598832,0.9017269079170666
