,x_coordinate,y_coordinate
0,2.4917868247494193,2.945769347693809
1,2.5099502547400423,3.4591618685257233
2,2.3530496742047275,3.6923314202988506
3,2.1988711667302514,3.884637253506061
4,0.9647310732452712,4.36986467473839
5,0.14693022125245936,3.6956648336005924
6,0.028469683033611175,3.4566109662209477
7,0.00531647200974331,2.819595685578457
8,0.001144638495679968,2.134618520266546
9,0.0003705741889094066,0.19694348480681576
10,0.00034843269682261423,0.09607631198529884
11,0.001620609392558572,0.048068484261913964
12,0.002291354862701894,0.03976541747314898
