,x_coordinate,y_coordinate
0,0.43355949610439526,0.5004288972288594
1,0.4711062291810452,0.39566395501341783
2,0.6319994571221536,0.40144634058089285
3,0.6452676330613836,0.4112075614576922
4,0.687543063706745,0.4693615084888412
5,0.6839498516607608,0.6650343016336442
6,0.6832010041039602,0.6870254381657006
7,0.6809675977762835,0.6884893228668446
8,0.6780360728992934,0.6900124245766334
9,0.6380951536475424,0.692817640049186
10,0.5921527535609852,0.6930735398446646
11,0.5081035443575851,0.693114985728962
12,0.4235862512587127,0.6929523146052344
13,0.41186181741528527,0.692821731785024
14,0.4069542990781323,0.6925337175310324
15,0.40591028906035315,0.6573059679871686
16,0.4122294602539761,0.5862512205407406
