,x_coordinate,y_coordinate
0,0.6313111093330939,8.656156610060744
1,0.4108883907626053,7.487223276788933
2,0.40811985980875504,6.674184233975243
3,0.40646589384838105,6.133960299170098
4,0.40591028906035315,4.6398126068148695
5,0.4081846489599642,4.008215227013402
6,0.44178745748212667,3.905398922967122
7,0.46835777172567233,3.932235694921458
8,0.523031789053931,4.045542147230295
9,0.6346401078278245,4.758547000096845
10,0.6839498516607608,5.440698706819871
11,0.687543063706745,5.811373733798511
12,0.6834030424907979,6.684644089306442
13,0.6743569698920675,7.786561132006068
14,0.6609020533896621,8.434360140358313
