,x_coordinate,y_coordinate
0,6.997726609132887,1.9786529588576767
1,5.8074249201634895,1.8181307993884737
2,3.503003160652353,0.4160670534430081
3,3.1360109412130206,0.03596487127010062
4,3.603551665521419,0.0013056304935084677
5,4.021564830683909,0.00025667029302971895
6,4.245886076944087,0.00016473675572560768
7,4.619275839076546,6.980043498274765e-05
8,4.732583326197491,6.15378862321971e-05
9,5.099196709841257,9.628294223271118e-05
10,5.6772563396663625,0.0002521611715680149
11,6.891239873157498,0.0019450705977857251
12,7.41722792525428,0.020999422800603195
13,7.786561132006068,0.18535528755281894
14,8.434360140358313,0.7542669012335771
15,8.656156610060744,1.517278442701939
16,7.856992301124774,1.924503065308508
