,x_coordinate,y_coordinate
0,0.07774897942702909,0.687543063706745
1,0.0029974798018439137,0.6834030424907979
2,0.0012014999645737895,0.657894579079326
3,0.0003705741889094066,0.6346401078278245
4,0.00034843269682261423,0.523031789053931
5,0.0004556436728095505,0.4737974906994216
6,0.001144638495679968,0.41707832213862245
7,0.0020403881192592073,0.4069542990781323
8,0.17107388113655145,0.40591028906035315
9,1.958169434901174,0.4098203627800349
10,2.4083131267693627,0.4108883907626053
11,3.3831894174562054,0.46182324740574104
12,3.7907540390593994,0.5223263597937693
13,3.3180736610370123,0.590027988700149
14,2.624571934212683,0.6609020533896621
