,x_coordinate,y_coordinate
0,4.150039126943893,2.9782444542033014e-05
1,5.205497297796428,0.6931387881320116
2,5.095541724446158,1.0986490019270911
3,1.4759695932537282,2.302571401838226
4,0.009456074351498622,2.639098473723508
5,0.0023713833691096837,1.3862818603378273
6,0.0011000745713420196,1.0986461658556907
7,0.0003159541327434534,-2.5769802304147384e-06
8,0.0004924669214615921,-3.460410173534525e-05
9,0.0006515582403332761,-3.9328529061200936e-05
10,0.0013005886915183806,-4.741342513826116e-05
11,0.048967825984395336,-4.959341893681925e-05
12,1.91439588502329,-4.9396949929085986e-05
13,3.8396514303829967,-4.7659871786992814e-05
14,4.065913925976881,-3.7276722113264014e-05
