,x_coordinate,y_coordinate
0,0.6604905406651407,2.2740098806533284
1,0.39911005744219763,0.005446764390105595
2,0.40384802479651444,0.0012550410639242905
3,0.4053691053962771,0.0005240135249161814
4,0.4299688849540538,0.00017198494175455278
5,0.5273217463943367,-1.2227693759902225e-05
6,0.683430375707052,-2.0145004612272388e-05
7,0.6925831504104193,1.559593211944321e-05
8,0.6929988537610107,7.607947436280953e-05
9,0.6930163324352424,0.0002264936439901668
10,0.6931211614190675,0.0022836559639045455
11,0.6931291250356502,0.008836508975692247
12,0.6931295310676694,0.11201918976726588
13,0.6931180932347717,1.130221816819716
14,0.6930111739978669,1.7927707946060834
15,0.6928824098204804,2.0848138054826215
16,0.6923005436677262,2.540829429349898
