,x_coordinate,y_coordinate
0,0.6819957394401542,0.5274257787540507
1,0.6755260997724103,0.6817499680269432
2,0.6508012547410172,0.6923881883721343
3,0.4616855790147497,0.692651763728532
4,0.42090564812393455,0.6913425332350899
5,0.40680702384932954,0.6906689166296722
6,0.405946299952058,0.6899127869796239
7,0.4055513292414163,0.6486506010723695
8,0.40614210986054894,0.36874719006808004
9,0.40763528588533965,0.2872989695210648
10,0.4938702030850976,0.28720643299469
11,0.5588456177272003,0.30128366372955817
12,0.5729634859154009,0.30937305430582207
13,0.5920554160562143,0.32135631438616397
14,0.6514077737031301,0.36717923891611864
15,0.6733823337022307,0.4024016587545985
