,x_coordinate,y_coordinate
0,0.8931502455498043,3.090997630319615
1,0.1180359900470631,2.944446774309678
2,0.01761458457751229,1.945950173195306
3,0.003069248649045786,1.7917898657064617
4,0.00108438563144009,1.6094120053115426
5,0.000637576034588225,1.3862990321349438
6,0.0003086428182718305,1.0985917484053447
7,0.002160004734419501,3.767429373974624e-05
8,0.0029216153902162584,-2.4307622178288734e-05
9,0.0034732989657486114,-3.458813862427641e-05
10,0.006084660065479824,-3.836656596730115e-05
11,0.024111212477446596,-4.4159397335538456e-05
12,1.1408319914828708,-4.901478413576294e-05
13,1.7933841179704895,-4.5640323207616395e-05
14,2.265045497278558,-4.136786196003946e-05
15,2.4351818794207056,-2.7480670037017295e-05
16,2.5523459985899857,1.386343551629909
17,2.5605875081163205,1.7917284340710207
18,1.5059842361567661,2.833199752514858
19,1.2279693153157936,2.995702393347057
