,x_coordinate,y_coordinate
0,4.204695782935759,0.15792494262523288
1,4.248482514354392,0.43761267363946427
2,4.234093684156599,0.6680416520031507
3,4.158916453229124,0.7588193396254478
4,3.1354665270332265,1.880342383528951
5,2.8904161914167443,2.006963368897236
6,1.9459592932090817,2.1846765450856918
7,1.6094057002905198,2.039716419177761
8,1.0986034085695706,1.666857260473613
9,-1.2207099053689662e-05,0.6166836691769885
10,-4.0465541930349635e-05,0.346401816015515
11,-4.918463247982271e-05,0.011873086169565427
12,-4.9070825041887236e-05,0.003078442122995456
13,-4.722431621745326e-05,0.0005331850717699796
14,-4.177671198414508e-05,3.228585965888482e-05
15,-3.64604365113184e-05,2.4468317018397644e-05
16,0.6931929890426072,-1.328422854429172e-05
17,1.609437216079512,5.367218693585328e-05
18,1.7917884202691472,0.00016089525740569004
19,1.945887682355127,0.00034619738203860146
20,2.639039125523735,0.017311893501225962
21,4.043099648082682,0.1433405133097073
