,x_coordinate,y_coordinate
0,1.5230236705124391,4.3666914654481515
1,1.1624100959686934,3.3435733418468314
2,1.287573507104627,3.020506985691483
3,1.3806893066316965,2.8141033447215618
4,1.697870937154646,2.351318846022712
5,2.312672652205133,1.8182701641641874
6,2.8438689658434133,1.4888175625958608
7,2.9034349514728057,1.4841792356096066
8,3.0782749409136296,1.5495771493857748
9,3.346499537234579,1.6614854011127933
10,3.7039929522664554,1.8262651728801336
11,4.1442880352299385,2.0385724473947624
12,4.582486579649151,2.44376647172029
13,5.031486037972199,2.9916634069692627
14,5.411623129664695,4.00338505277301
15,5.514634947497717,4.419433598054586
16,5.420121088631603,4.714622858243307
17,5.23309979100481,5.0029938214585945
18,5.110060091296154,5.1846444084074434
19,4.933526289086323,5.341007123008782
20,4.27567926237909,5.863294595035877
21,3.5305169179161395,6.391506405946318
22,2.855687777264064,6.0828232973057705
23,2.2493154081004003,5.4363972219799575
