,x_coordinate,y_coordinate
0,1.785658189174767,1.2819486720058337
1,2.016800773503377,0.6768565896343416
2,2.537083583277671,0.40205988687833744
3,2.982734062505763,0.2670251874699094
4,3.930348641641438,0.007586559046932044
5,3.9638227431988904,-3.625611844852993e-05
6,3.9647651063905753,-4.456825823253171e-05
7,4.061410517580665,-4.8599386379679025e-05
8,4.652031731382224,-4.650040654406059e-05
9,5.0043985782319815,-4.399113001468956e-05
10,5.427827020306677,-9.657266078924553e-06
11,5.5465313151332,0.10909185383836473
12,5.675903506415477,0.25939869596166065
13,5.95320094440291,1.311374709450808
14,6.0258160224772395,3.197458599178999
15,5.825458986026945,3.6675270883825943
16,5.511531058739277,4.173736863413635
17,5.14741818717879,4.363666893219044
18,4.562242539364352,4.521146877955657
19,4.200322885910581,4.55077752341514
20,3.8985947957396307,4.540321925591534
21,3.4507885223911035,4.056959192018521
22,2.471041005010703,2.6317049793962495
23,2.1586356737943166,2.0606494834096396
