,x_coordinate,y_coordinate
0,1.6786519663749857,3.8219342102777447
1,1.4130020228972888,1.9891248226133804
2,1.5099718055087834,1.351619112213594
3,1.9153023298801917,0.6229180739280433
4,2.2631764115400355,-3.413575006058248e-05
5,2.7588576100793167,-4.456825823253171e-05
6,3.0807064491800973,-4.650040654406059e-05
7,4.0843364224601135,-4.8599386379679025e-05
8,4.321798922512868,-4.671903131615831e-05
9,4.769676173068011,-2.6257440959158706e-05
10,5.139950182734315,0.25939869596166065
11,5.194399434954036,0.3648084361107563
12,5.411623129664695,1.1469629867602593
13,5.459024278591574,2.6745347458537254
14,5.458764507896252,3.08774264072452
15,5.298474167585403,3.9942271986912514
16,4.851598615229366,4.284908670749011
17,4.566184827039636,4.45489436994776
18,4.475858975776075,4.471841375509486
19,3.816367591767511,4.521146877955657
20,2.638871354867621,4.55077752341514
21,2.0942696473989546,4.513078154248321
