,x_coordinate,y_coordinate
0,4.344595904150463,1.6849218571438682
1,0.2839490437283288,2.3063621399190777
2,4.992153868531004e-05,2.2208305376908437
3,-2.96208250031202e-05,2.21290692025888
4,-4.467571674867108e-05,1.9742959822509747
5,-4.8858013036672774e-05,1.7472319959369298
6,-4.972159917421956e-05,0.82376219880498
7,-4.990552827486469e-05,0.07771980633611629
8,-4.9461432008424456e-05,4.71088513712825e-05
9,-4.9250404040187915e-05,1.6506891372677436e-05
10,-4.7031761281031226e-05,-3.090977587638997e-05
11,-4.6076258112801624e-05,-4.5020142370654605e-05
12,-4.452133174615854e-05,-4.6052908894019975e-05
13,-3.1607572556811937e-05,-4.989821661254841e-05
14,2.075694251855133,-4.748621510710533e-05
15,2.7586508058655004,-4.661995939981052e-05
16,3.3409322425661925,-2.9097586372851726e-05
17,3.5556903570577054,-1.4409362931126934e-06
18,3.575277146514151,4.0638962073417436e-06
19,3.6676286841931423,0.11881839265337475
20,3.789365833494439,0.3421931716873513
21,4.055216068706066,0.903156514092192
