,x_coordinate,y_coordinate
0,2.90865395338115,1.1114361944681543
1,3.0175638886642635,1.5415156876448232e-07
2,3.086328791265918,-3.31912598088529e-05
3,3.1664404822189653,-4.872482064541511e-05
4,3.594274493859656,-4.953300068171464e-05
5,5.107042315254257,-4.9731918951511466e-05
6,5.259275078417643,-2.740791865676987e-05
7,5.2699297512266154,-2.2659632117678274e-05
8,5.333940889006151,2.4300699825011175e-05
9,5.450051173310203,0.426334554620245
10,5.399076445902741,1.1564379821584818
11,5.385070133357753,1.2560397868062978
12,5.303395874379733,1.5862073478847343
13,5.2007986308124,1.9839840581522623
14,5.167582251683213,2.074239773405313
15,4.960046451308567,2.2737083294158644
16,4.420027572814285,2.2253755925629632
17,3.893410827294896,2.1694261011427014
18,3.8639309164146245,2.162788553016314
19,3.7711149673580437,2.139506184897446
20,3.6185823825820496,2.0711682408492478
21,3.1044067981745367,1.7889045604736005
22,3.0027797297219263,1.4779931886039697
