,x_coordinate,y_coordinate
0,2.694825978576474,1.2419434963018576
1,2.6686238633650876,2.356030966539773
2,2.254712833874373,2.3799518889883142
3,0.7091901848089398,2.396608735415078
4,0.3525053179175583,2.395653143855169
5,-3.393416200577206e-05,2.389113043875099
6,-4.0356447538148235e-05,2.36396638488423
7,-4.993617900323302e-05,2.182674457318872
8,-4.9880168955916495e-05,1.9875637116446612
9,-4.96365001120989e-05,1.5191908509359775
10,-4.546761455497573e-05,0.8623985855494662
11,1.3180337077449988e-05,0.832479715200083
12,0.206333948964476,0.7150779422907184
13,0.2684025108605676,0.697501422614036
14,0.4188991348309285,0.6739970169133124
15,1.3161657927962789,0.6748534628803414
16,1.6730725572619582,0.6864088671931321
17,2.5201770622999553,0.7900626839687442
18,2.556847358566214,0.806486156078464
19,2.599677627273673,0.8659994815216383
20,2.6876243534834336,1.0067588009926958
