,x_coordinate,y_coordinate
0,1.0685354041642294,4.7362360330079256e-05
1,1.1725728452036825,-4.043704761532567e-05
2,1.8017131334611327,-4.981085534025563e-05
3,4.57430465351112,-4.859011589284423e-05
4,5.091612337511971,-4.751324002895966e-05
5,6.477049555217157,-4.0210735757884065e-05
6,6.442167819542368,0.328932995049657
7,6.40707395432855,0.6119376856247986
8,5.275896326775237,1.8550464045259942
9,3.448443385564659,1.851299572801148
10,1.4303885727896692,1.2355915874018686
11,1.121563340227113,1.1300673612333612
12,1.089044951806625,0.7805259465153247
