,x_coordinate,y_coordinate
0,5.163493013125038,1.1949994289167927
1,5.163408204409686,1.3702217115455388
2,3.9045891632586947,5.255463412135353
3,2.213975465870647,6.477049555217157
4,0.5224020542670794,6.925117638121113
5,0.2287588565804853,6.79657953122696
6,-4.094019514093239e-05,6.423243530523707
7,-4.95753194514004e-05,6.130280182737573
8,-4.993491628040128e-05,1.67451382520198
9,-4.8350450450797366e-05,1.2077250183838837
10,0.1416610240923626,1.1290438913457457
11,0.5033819014584534,0.9401936299248149
12,0.9807262940050195,0.726280046614838
13,1.8472528069097975,0.3833440883068194
14,2.5637053204020925,0.3863733098758087
15,3.627059143872613,0.594364525391247
16,4.8532362242055775,0.8671626027173721
17,5.160665814457613,1.0231010818015753
