,x_coordinate,y_coordinate
0,0.43966140033504875,4.930675195880738
1,0.40880176772764676,4.8815002435216615
2,0.30842098147815106,4.2454480455364285
3,0.27677760684730907,3.9477462425745125
4,0.20653858730114322,3.2557004315296476
5,0.12263095449612743,2.284010562294191
6,0.10809333313979645,2.0997370034664056
7,0.09384292825014384,1.8394069534722524
8,0.2540600201543577,1.144344494104978
9,0.39381907709323927,0.6927316721992052
10,0.4648484856776507,0.5119117960146665
11,0.7245836795070112,0.15343805365679586
12,1.0774712175230274,3.074364848258662e-05
13,1.7662638590138835,-1.0891957239986705e-05
14,2.1779706875484663,-3.363122429146906e-05
15,2.1811669418503774,2.0675355330654722e-05
16,2.2581249511010726,0.12548681569160786
17,2.332382676036059,0.8014573563768134
18,2.3537518361834513,1.0274096244824613
19,2.3930903165085042,1.4858338807931566
20,2.396608735415078,1.8748418306831591
21,2.3857820534993333,2.76055959460551
22,2.3726340056334903,3.065827885668299
23,2.3434840705046907,3.3916838438396226
24,2.2905584391480787,3.526816080149979
25,2.1271145064640957,3.707971825446785
26,1.3822479656917903,4.321075192963042
27,1.26461716982096,4.416586212994255
28,0.6030801938793735,4.861303918669587
