,x_coordinate,y_coordinate
0,1.120690310737589,0.5835226685193869
1,1.0013310769326462,-2.1599300678459454e-05
2,1.7922855515599543,-4.405016876939433e-05
3,1.8818252862526537,-4.432941041582851e-05
4,2.847568641072733,-4.562097165299109e-05
5,4.021366549719505,-4.686741298772789e-05
6,5.709251488596179,-4.739305229312077e-05
7,6.101703676373915,-4.394783303624573e-05
8,6.2490258181011615,-1.239435242660707e-05
9,6.350461763958006,1.1461123526071859e-05
10,6.442167819542368,0.09881286829808901
11,6.477049555217157,0.723728514849352
12,6.398568556054824,1.1489253084854154
13,5.862478168011058,1.744877598250828
14,5.519605112258424,1.8338568120412557
15,3.8737886391152543,1.9442502816130987
16,3.4572317085320456,1.9469630822706694
17,3.2590563609401544,1.9023242561835474
18,1.9218312878890127,1.5219644175151366
19,1.6012402963649615,1.378049271084241
20,1.254547979445608,1.200758635998387
