,x_coordinate,y_coordinate
0,1.8554615503954626,4.725977818651309
1,1.7424447957267901,5.003531651692788
2,1.388488040648089,5.823340135365926
3,0.5084837294580274,5.953152612247882
4,-3.3011107751510215e-05,6.0258365104094755
5,-4.901532962987255e-05,5.511562708043011
6,-4.983980976963815e-05,5.115502824054189
7,-4.955506536740675e-05,2.98502823758919
8,-3.369432190250157e-05,2.7244234163066468
9,-2.3970430182700032e-05,2.5877840843093494
10,-6.227141014766246e-06,2.5370321461239067
11,1.6577614799380514e-05,2.5348322093644224
12,0.08945695643411022,2.5088402277526987
13,0.2199294176787527,2.491145890246919
14,0.9207822081019184,2.5555300295129713
15,1.1816150510929744,2.7057844224285614
16,1.7197531462962203,3.0901926807155125
17,1.8283044429498672,3.296328047954477
18,1.839240545859456,3.471258937644227
19,1.8510717571576014,4.009046048705109
