,x_coordinate,y_coordinate
0,1.162359441040569,3.343598065600402
1,1.556370309540724,2.8374971661211337
2,1.8133923789447246,2.634318520177404
3,2.383555980535635,2.195162076123721
4,3.114972171894414,1.8052963827493411
5,3.5073935720565244,1.670213290483409
6,3.7479546425586183,1.668809298991206
7,3.8856576895460306,1.7968194241929893
8,4.527976129893209,2.6625867552856186
9,4.959427460396179,3.350162242592431
10,5.2002512129408665,3.9998625639525915
11,5.254447279574336,4.368767378036916
12,5.141601440381673,4.708476123447925
13,4.95494145513805,4.9156927657136755
14,4.748651432432677,5.11477735540942
15,3.8687166290388517,5.828505560686324
16,3.7983710677912192,5.855000137322771
17,3.6862458846796287,5.858941896005809
18,3.460645203819688,5.746331529290365
19,2.907838888315203,5.386662168085019
20,2.178004183176471,4.847296502645906
21,2.0244574701473317,4.690804839271882
22,1.2621658589305338,3.6113767441282683
