,x_coordinate,y_coordinate
0,5.181459625715843,3.900993362378292
1,5.564269664727574,4.840064244063789
2,5.325220087438846,4.965582404148387
3,4.652428538512187,5.088795652573546
4,3.9730571890214015,5.171258831298583
5,3.186513026948042,4.885541252062388
6,2.8300369702278276,4.7497632145534165
7,2.7479060002941447,4.702302457538803
8,2.2172920176826967,4.156686371843873
9,2.18939919532327,3.843640088269673
10,2.3850385057725534,3.74754157240253
11,3.359735504060059,3.404621013002032
12,3.9654041668469273,3.290936990701994
13,4.367328759028566,3.234660210517118
14,4.701421667179615,3.2070986964748998
15,5.1055265938922405,3.760399986751457
