,x_coordinate,y_coordinate
0,-3.0200203970341953e-07,2.762082051608608
1,0.0661237230238144,2.739051479150363
2,0.11442120440483373,2.7490347598933123
3,0.583757620254843,2.91224720960905
4,0.9191834022477418,3.0564362687569613
5,1.4752976217629015,3.304217077918114
6,1.6129989665701272,3.811885639835255
7,1.6595904490399749,4.030871105752044
8,1.65829079179971,4.294622494532755
9,1.6546372621305332,4.476545682008594
10,1.584193254053092,4.687140575374024
11,1.4214269561371977,5.080753284569223
12,0.6933933740507746,5.3534921371787085
13,0.3031665982639049,5.328808132871177
14,0.27809443936223094,5.325220087438846
15,1.7939335159454473e-05,5.23871453548592
16,-3.328208003142958e-05,5.181459625715843
17,-4.992413696140844e-05,4.9536314848179375
18,-4.9905212771666555e-05,4.32940208882181
19,-4.9762288293399037e-05,3.186513026948042
20,-4.9491827013259474e-05,3.1000160440939286
21,-3.443596103203965e-05,2.787899326952965
