,x_coordinate,y_coordinate
0,1.1211973584608195,3.5025378880389573
1,1.3388840735285839,3.5409483916413644
2,1.450607521040662,3.809921404233212
3,1.4713529032467187,3.8762777222279166
4,1.5021815758779717,3.9823944858324274
5,1.53167462076156,4.12881769854327
6,1.497624987627538,4.450553220001165
7,1.4771640702143596,4.522501564788385
8,1.438771310261014,4.627530027588013
9,1.395072011470574,4.72808679622961
10,0.06571331197508817,4.856313460972491
11,-4.887892851375658e-05,4.828159439460462
12,-4.992413696140844e-05,4.392777790224384
13,-4.9905212771666555e-05,4.20789816138747
14,-4.939753283475062e-05,3.714989991600195
15,-3.487752961267526e-05,3.611113996500762
16,-5.625352937490313e-06,3.6063999961905635
17,0.1521698791427917,3.5735896163881726
18,0.28905587353230217,3.5603817007933785
