,x_coordinate,y_coordinate
0,-1.0647160675983703e-05,1.6708751988918047
1,-4.9471107198843865e-05,1.6577607092292739
2,-4.977636252428409e-05,1.025566351215119
3,-4.992721146027269e-05,0.22761085091253508
4,-4.966150098717848e-05,6.808577888275047e-07
5,-4.918768670140658e-05,-4.3845829117841574e-05
6,-3.8998039032104394e-05,-4.9049079754965786e-05
7,-1.3816676274869888e-05,-4.9762288293399037e-05
8,9.147441264203748e-07,-4.992413696140844e-05
9,0.2795433671865357,-4.9905212771666555e-05
10,0.32737516596646854,-4.9491827013259474e-05
11,0.3567677604003773,-2.1042757898212304e-05
12,0.3604371906824408,1.9445590639060096e-05
13,0.3663556343959675,0.03982516483140855
14,0.36711564953404696,0.06032528322186939
15,0.3730367146354276,0.2377057116008554
16,0.393103649450272,1.5386128365921907
17,0.29026760507888455,1.5813077501781216
18,0.20095805864780647,1.6129989665701272
