,x_coordinate,y_coordinate
0,-4.992413696140844e-05,0.7092131990330532
1,-4.9905212771666555e-05,-3.760810535466964e-05
2,-4.064966723082243e-05,-4.856483368818798e-05
3,-5.983806617687049e-06,-4.997174689268783e-05
4,0.9645457498055975,-4.996774764605637e-05
5,1.9047505840011583,-4.95480886290392e-05
6,2.001858446841483,-4.338018485472371e-05
7,2.0130720754859737,4.615442540746092e-05
8,2.0376520212840092,0.43508953765366565
9,2.0060675606396616,0.641529706581232
10,1.9215354593811125,0.8697741256885294
11,1.8422984916262817,0.9974544139906193
12,1.3987800877740804,1.113091308022282
13,-3.959609206919916e-05,1.187447463868217
14,-4.93932273372515e-05,1.0171494458316608
