,x_coordinate,y_coordinate
0,-4.9894634723203935e-05,1.3071756208627576
1,-4.983237780476841e-05,1.6076727040341376e-05
2,-4.909518051434535e-05,-2.1178614309133313e-05
3,-4.8724533083783804e-05,-3.091979189876181e-05
4,-4.827823263838766e-05,-4.083837454948012e-05
5,-4.144338344293068e-05,-4.998040683482223e-05
6,2.3773008561042586e-05,-4.998842647973927e-05
7,0.6352496296069148,-4.9643266023444266e-05
8,1.0897690410934315,-4.83692271286242e-05
9,1.5952085369385869,-3.869290856165126e-05
10,1.6681567082372721,-2.924519517218014e-05
11,1.694380452029059,3.113360484573174e-05
12,1.8998170823237643,0.013229324252829541
13,1.951906897770916,0.07648220818534944
14,2.013639477644206,0.3371549852088903
15,1.7622050780287444,1.465844567575619
16,1.686320386489694,1.771292545009519
17,1.079002016485655,1.9763007747020185
18,0.5781598188576881,1.9394534901063387
19,-3.2298065117097906e-05,1.87751767269196
20,-4.614880152464714e-05,1.7055764561923707
