,x_coordinate,y_coordinate
0,2.7357807287505804,3.404258773738449e-05
1,2.9442846587242775,2.77229569529744
2,1.4379584794191036,5.229435038518759
3,-4.198180861607137e-06,5.802140770299257
4,-3.626931000345471e-05,5.64327648753712
5,-4.845091121682017e-05,4.874465182423032
6,-4.9931768739964663e-05,1.6225096791421105
7,-4.99320608494479e-05,1.2769380783594078
8,-4.982384215389192e-05,0.23968958447336264
9,-4.968335144787764e-05,0.004875945837817
10,-4.9644135125825284e-05,4.887302883937121e-05
11,-4.9213180817382054e-05,-1.924088111531872e-05
12,-4.8814684056057625e-05,-3.5973796763067276e-05
13,-4.491434730832119e-05,-4.980891754586332e-05
14,0.664924748631596,-4.966025952845614e-05
15,1.345180896486102,-4.893315315627657e-05
16,1.9641724462328327,-4.06873770151665e-05
17,2.434451477641075,-3.398173389744975e-05
18,2.7138686307471964,-1.8388949636993157e-05
