,x_coordinate,y_coordinate
0,9.25831261239657e-06,1.5490650001892956
1,-4.5798794228528984e-05,1.3654706648175765
2,-4.7453479851367586e-05,1.162062048173474
3,-4.9035838349646154e-05,0.7644654419322267
4,-4.9982068913293776e-05,0.5139565912426034
5,-4.9994018431362674e-05,0.28984329390314
6,-4.9893496686757774e-05,-3.273001813759388e-05
7,-4.680024118535152e-05,-4.43701812982181e-05
8,-4.5695884094557846e-05,-4.8056954218025235e-05
9,-4.092916423641689e-05,-4.896499841820825e-05
10,-3.157913054725786e-05,-4.9735777960219706e-05
11,-1.9071279269424047e-05,-4.983667455467099e-05
12,0.44801123800837084,-4.9340178708998804e-05
13,1.3152625603829196,-3.845554326599544e-05
14,0.8347897847480636,0.8219686183514997
15,0.38820731583491497,1.4651718156977838
16,0.29317719316047514,1.486510882893234
