,x_coordinate,y_coordinate
0,3.512057179568946,3.5383704983818705
1,3.3564879925240807,4.173894262551404
2,2.169356422134214,4.817555489724169
3,1.1873334266269466,4.907434161204391
4,2.8898915907482802e-05,4.878965483853445
5,1.9301717824152797e-05,4.87642704787543
6,-1.783808279831386e-05,4.850491381688327
7,-2.9606197660848576e-05,4.827490513013849
8,-4.0060871996166943e-05,4.789388710762145
9,-4.5609870046133016e-05,4.721214722168555
10,-4.986086159084875e-05,4.616459276995385
11,-4.997330372396311e-05,3.428753889428872
12,-4.997304065878586e-05,3.672670974354721e-05
13,-4.525329160236581e-05,-2.4298465549753347e-05
14,-3.1670268490934536e-05,-4.5088102273000906e-05
15,-1.0845020308060704e-05,-4.7868416074691346e-05
16,1.3701933822290508,-4.98875801896888e-05
17,2.209567933171037,-2.9746332067302816e-05
18,2.322952389122515,5.469289761111129e-06
19,2.7586990788970303,0.14206023255447708
20,3.6121521812168043,0.6970399654226496
21,3.8801103051605925,0.9627653175096158
22,3.793626245687992,1.7531493318602491
