,x_coordinate,y_coordinate
0,0.8284877427405395,5.254447279574336
1,3.725189246800107e-05,5.034216495204638
2,-2.715068786021293e-05,4.87154056539935
3,-4.5706656955613146e-05,4.705281917055646
4,-4.915182106716571e-05,4.448311213524113
5,-4.95678981242642e-05,3.8419925220339546
6,-4.9890262250590166e-05,2.8502923589033413
7,-4.98125870098566e-05,2.226274319650368
8,-4.9299794115655595e-05,2.0286955743664263
9,-4.7894790143378074e-05,1.590625770218908
10,-4.3615238031307435e-05,1.5158509793272745
11,-6.959978469418149e-06,1.331936086548123
12,1.4833246495868323e-05,1.2621658589305338
13,0.9221192818279424,1.4364148189275567
14,1.3267761352145657,1.7675544241414893
15,1.6578195281890353,2.0648348373670875
16,1.9236692961002622,2.4417695164876942
17,2.4528145099510112,3.2936679466566603
18,2.4076565156458654,3.801908983285989
19,2.3629737373143236,3.895698391214681
20,2.184952320536251,4.231437876139875
21,2.0017098249172474,4.537885259871341
22,1.8007673809081393,4.7718552230168125
23,1.7410020254982561,4.826622256950253
24,1.3430836272514775,5.10726458945845
25,1.2971660463071724,5.1392673778498486
