,x_coordinate,y_coordinate
0,5.535919481602981,0.5731527011527189
1,5.512636570863784,2.0060484873483277
2,4.960029322001759,2.2737883735646127
3,4.537670979016613,2.4132483132773888
4,4.2919677508359815,2.424868252444888
5,4.034312967191171,2.404345316268408
6,3.478936256831952,2.350438648897677
7,3.425011422844709,2.341114155363795
8,3.037509503050025,2.002234469157362
9,2.7892698327792775,1.4914705526398149
10,2.857699818568983,0.0015561219394378148
11,2.8621477857255337,3.141223315129126e-05
12,2.9570855830452327,-4.104212146025719e-05
13,3.3979285524734375,-4.706115418857945e-05
14,4.054856741206479,-4.901504993209264e-05
15,4.63134590585842,-4.8767402905988143e-05
16,5.223330119652271,-4.8458106673671696e-05
17,5.479726618096783,-4.031438219833723e-05
