,x_coordinate,y_coordinate
0,2.8420504362437913,5.932383845548712
1,2.1551264611051,5.116171083665418
2,2.3199981276113566,3.749226307652287
3,2.3952575157695777,3.403415294799311
4,2.5364739382895056,3.006748835431846
5,3.2600112443181657,1.494600648562373
6,3.514004851575736,1.0123686176892532
7,3.7123693986406727,0.8755481693829982
8,4.027033109598478,0.8647217062893731
9,4.371085715708759,0.88542134507511
10,5.040431360086344,1.3463263155014449
11,4.96705161254975,5.61523917514544
12,4.769465240592098,6.1959478554661604
13,4.544587634550991,6.301770485023628
14,3.44331480691189,6.316707877269259
