,x_coordinate,y_coordinate
0,6.316707877269259,0.9816889156163757
1,6.301770485023628,2.195963035553044
2,5.606681856520693,2.3420442734507456
3,5.502978566462732,2.3608072226477907
4,5.466171638694962,2.367207446121487
5,4.6600795650013005,2.3980789347866325
6,3.9198111259736073,2.3943962391481026
7,3.2559661860904408,2.3710858177409664
8,2.6411286233038207,2.229676392483381
9,2.197326591424944,2.0834835018279656
10,-3.1722580163710034e-05,0.6322477410114756
11,-4.866792172642436e-05,0.6051116471351299
12,1.86120978941404,0.1967526017869596
13,2.820615210497965,3.983055272547842e-06
14,2.8777194705602094,-3.782313719487805e-05
15,3.4135682636119324,-3.697981363364993e-05
16,3.7904240592007348,-1.8235630951111715e-05
17,4.007269947349073,2.7705759216145887e-05
18,4.255608358745907,0.043655251825343126
19,5.046384415523701,0.22297448919883503
20,5.7751835172387995,0.6402229424758776
