,x_coordinate,y_coordinate
0,5.2563021768325,0.1967526017869596
1,5.760045490623196,1.4362468326383846
2,5.631750181224527,2.0040854768183527
3,4.8002159406287,2.3035802350435874
4,3.858876857171196,2.3943962391481026
5,3.428045110292874,2.3980789347866325
6,2.203716364139673,2.3976939528529653
7,1.781225530559056,2.3843727903594165
8,1.5244960898396225,2.3392754038167025
9,0.6920746436562908,2.1329830587962926
10,9.893540436331393e-06,1.521883277516714
11,3.8425979586089964e-05,0.8667074393918387
12,0.7207822716591866,0.3122283855898044
13,0.8872476136452598,0.24145306661418117
14,1.5300574617612126,5.646543836129703e-06
15,1.7029120976277454,-1.149076942956524e-05
16,3.1374585119745833,-3.697981363364993e-05
17,3.4374022540855673,-3.0801366293688535e-05
18,4.520554667946335,1.0434356986796867e-05
19,4.9511717889599245,0.04549729004048539
