,x_coordinate,y_coordinate
0,0.9053973778301457,2.0040854768183527
1,0.2658624761345199,1.5152471600784088
2,1.903712573006481e-05,1.015475503870577
3,-1.850915754886926e-05,0.894368897991995
4,-4.582445739411587e-05,0.6691771746229703
5,-2.5990692367757572e-05,0.6311194307965182
6,2.304574836228326e-05,0.5717041001034964
7,0.8804116154139429,0.3151803906748461
8,1.4591583398212709,0.1477770876337432
9,2.5439417378571902,2.7710835741317575e-05
10,2.681015723894687,0.007342678771340176
11,3.838111058196136,0.28666362153947184
12,4.009869220509685,0.3287109710672747
13,4.870777708362138,0.782029301582784
14,6.0344415558126,1.4679155838102043
15,5.868225683936626,1.9166785568100784
16,5.410904930204313,2.16150919574346
17,4.963660635357319,2.3608072226477907
18,3.8591696775225404,2.3943962391481026
19,3.748918633890672,2.3976939528529653
20,2.987935896802758,2.3980789347866325
21,2.1681414989015417,2.3528902137842684
22,1.8969176863615642,2.323728330673235
23,1.5360170403599345,2.229676392483381
