,x_coordinate,y_coordinate
0,1.9947158985172424,4.427391560823913e-05
1,2.01960463324079,0.612135318830371
2,1.8631768686889894,0.9664882485781056
3,1.4426891428858792,1.1520245140686936
4,0.7978780405826618,1.4065605084448074
5,0.04380490450226397,1.210727268118327
6,3.994284211609987e-05,1.055541727651492
7,3.448294354683296e-05,1.0480432747162576
8,-2.5280674105827574e-07,0.9644413212288663
9,-3.987517235613073e-05,0.761638242443598
10,-4.9357618379739845e-05,0.30406765508008515
11,-4.984018385619238e-05,-4.6896953048408895e-05
12,4.0178815804942616e-05,-4.927439932076983e-05
13,1.4241766309826571,-4.847535426103813e-05
14,1.7682478873761094,-4.544809401600608e-05
15,1.8089371734478688,-4.471489801505137e-05
16,1.9339969982714922,-9.438848422165202e-06
17,1.9719987862672608,2.475126181630083e-06
