,x_coordinate,y_coordinate
0,4.336065868051213e-05,1.2541941169014144
1,0.3739053188451016,0.7747132138537897
2,0.6498246879154742,0.8009074530510338
3,1.3115904916969439,0.909967962370851
4,2.448871839626921,1.24740446863938
5,2.7764457003119323,2.403245936283439
6,2.7815255809752344,4.210093855285795
7,2.5153907688507795,5.529071589022814
8,2.2726213793375503,5.844591852644624
9,1.8994332613037723,5.85115688486483
10,0.5382380765582181,5.569349089934485
11,0.11378549455165655,5.478483042561212
12,-9.540740498885392e-06,5.424752432041828
13,-4.473706673659342e-05,5.322751259781195
14,-4.862163883455085e-05,5.149832918587024
15,-4.990932190087291e-05,2.9439927488667568
16,-4.688990772232725e-05,1.408236922256602
17,-4.614161445750951e-05,1.3176554141999253
18,-2.906996825721697e-05,1.2743235510420605
19,2.8447123631549907e-05,1.255058863173739
