,x_coordinate,y_coordinate
0,3.1053123280561548,4.695560771345456
1,1.8491243913002449,3.990971660980782
2,1.7583336850624662,3.8881661650926316
3,1.2297242404844435,3.2527672017368165
4,1.0913661736592783,2.50255259675393
5,1.0890843051291086,1.6460769079976358
6,1.8941267730540405,0.1573218199078843
7,2.0473331423318566,-5.7961181906639125e-06
8,2.4744904246585135,-3.548643624566079e-05
9,4.596160385930506,-4.430214734895044e-05
10,5.212813278429036,-2.046814444086974e-05
11,5.523024360076263,0.007048871796244475
12,5.657893494704703,0.08866428752403144
13,5.631488028025712,1.7845895799697957
14,5.556657522642194,4.5949469694279905
15,5.50186049250153,4.870720919921166
16,5.347129033673862,5.139580616233535
17,4.676504416024834,5.114664821140322
