,x_coordinate,y_coordinate
0,3.643291133122393,1.7037267869196162
1,3.6053631414063743,3.6658599046440656
2,3.332544735127506,3.7435852186571332
3,0.6642839798008753,4.125614084481213
4,4.999464114348431e-05,4.217769986054504
5,-4.96036375833188e-05,4.191748953228923
6,-4.984884251816276e-05,3.9263363460466634
7,-4.9989268962566844e-05,1.6451517514498766
8,-4.999265279571237e-05,0.09391232293309205
9,-4.998100300625631e-05,-9.783391884964943e-06
10,-4.9403719441624115e-05,-4.801947382364205e-05
11,-4.912108382545209e-05,-4.9539106527480414e-05
12,-4.1106523886734737e-05,-4.9906285104086565e-05
13,2.4745206190037095e-05,-4.991168107565631e-05
14,4.7697557064938334e-05,-4.991272161863741e-05
15,0.008451676706158947,-4.992800208727776e-05
16,0.2028213835447734,-4.995246392187851e-05
17,0.4194439004894875,-4.994959918694273e-05
18,1.413227039499422,-4.977166042946262e-05
19,3.1276601191469164,-4.570089015531475e-05
20,3.3372460895696783,-2.998203741950851e-05
21,3.396757410325289,1.3939483682682463e-05
22,3.5035812910139543,0.4859204307003415
