,x_coordinate,y_coordinate
0,6.2903572651376525,3.807071429980006
1,6.1728792039305125,5.424255845240716
2,5.446249938700468,5.809642042934162
3,4.718350503193764,5.898025105130883
4,4.231402156441994,5.870059597991992
5,3.114368767594388,5.591289262534886
6,2.4321181009477693,5.226138259040091
7,2.222364245057086,4.92030073649106
8,1.532085567934016,3.8773165386304353
9,1.0771058811457246,3.1650014979864944
10,2.3597448671907335,2.5024464391820476
11,3.144520568693438,2.112445710331919
12,4.447602063027765,1.4780089034576396
13,5.0621770431188216,1.5752064751769441
14,5.47729048633226,1.811283069735781
