,x_coordinate,y_coordinate
0,2.515542458350503,-4.995038723718268e-05
1,1.4468213769181724,1.7969284768473741
2,2.2894082838537955e-05,2.539153817196419
3,-4.250184231488094e-05,1.6900731457033662
4,-4.683755684206272e-05,1.3705699961211293
5,-4.868561735576036e-05,1.2084233790800845
6,-4.9590787468786635e-05,1.0368684091357252
7,-4.995520443524084e-05,0.7154749760947052
8,-4.999066076304867e-05,-1.0331269230201989e-05
9,-4.992766668907673e-05,-4.697493738780023e-05
10,-4.975516549156018e-05,-4.966628050962546e-05
11,-4.969904515272825e-05,-4.9819139440325245e-05
12,-4.7710140644732835e-05,-4.9934931509821115e-05
13,-2.018168813460666e-05,-4.999085738296558e-05
