,x_coordinate,y_coordinate
0,-1.5984632967123358e-05,3.18522132199188
1,-4.963867547726637e-05,3.1760953229370537
2,-4.983221868743689e-05,2.316522721239779
3,-4.9981998393621074e-05,1.3543039932249357
4,-4.9982541290496776e-05,-1.9278136667454217e-05
5,-4.997387756890058e-05,-2.1914984431590133e-05
6,-4.9898318437955335e-05,-4.4824655015823526e-05
7,-4.986882588094007e-05,-4.783120961471431e-05
8,-4.971152854032296e-05,-4.998548793545564e-05
9,-1.314023960120102e-05,-4.999584197930266e-05
10,1.1956324256666033,-4.9944615395336e-05
11,2.0066398236190075,-4.982820276168194e-05
12,2.3789420600695235,-4.9733297849501566e-05
13,3.235652777175189,-4.798924816145882e-05
14,3.339742899112454,-4.7487129303528565e-05
15,3.459756381258297,0.19295418651881027
16,3.5058811655326894,0.3239904004461945
17,3.5949302734601587,0.8452978206737938
18,3.8591878315170614,2.716363253449383
19,3.4371222648410646,2.902651952906255
20,3.3087224807496756,2.9420656600438204
21,2.054159060062756,3.0395825077235887
22,1.0498055204860988,3.116267030166071
23,0.7192804064672675,3.1399370183148516
