,x_coordinate,y_coordinate
0,-1.2365760259325398e-05,1.4476962861874998
1,-3.78368053232913e-05,1.1555695239580444
2,-4.861814868172924e-05,0.47130620463353345
3,-4.954402824099929e-05,0.33759247972260426
4,-4.971858357454365e-05,0.2228477792749641
5,-4.9482125882110527e-05,0.0078910145919924
6,-4.934039764523099e-05,0.0016897819671345315
7,-4.744247143425113e-05,0.0010631979293471603
8,-3.963305703253647e-05,0.00029760298044754704
9,-2.9625714482008413e-05,0.00019242228348697373
10,-8.551664987976215e-07,6.919320330996102e-05
11,4.9160634077962286e-05,5.223576357329615e-05
12,0.6931819450535069,0.00014276011671730205
13,1.3863133028584704,0.0007034411122676861
14,1.609453581972004,0.0010647715515916508
15,1.791732161260845,0.035315761380043685
16,2.397906222181281,0.17038536062205104
17,2.3026188991934244,0.5386598239172345
18,2.07948997926641,1.0588695953298441
19,1.9458631500860202,1.2883545618369399
20,1.6094682930808422,1.8180827681245413
21,1.3862982340834675,1.978653097409786
22,0.693154983349608,1.7658138443381457
