,x_coordinate,y_coordinate
0,2.8989408927136355,1.9625969246398585
1,3.1397846424184013,2.9730206152458525
2,3.000468283436209,3.100977824922021
3,2.7378527864469557,3.2233138246167066
4,2.034006849154155,2.7882248215464775
5,1.4410939911477851,2.3570209993767777
6,0.47946539765443574,1.3369104318461815
7,0.09358893163556585,0.40408485619642065
8,0.02162588907535425,0.1424217237930604
9,0.004573564998805586,0.04980087457354441
10,0.0031248025907320283,0.03716450477517166
11,0.001366831292453082,0.01638690860370282
12,0.0001381643216267628,0.0011292410893353482
13,0.0002849092541204382,0.000767384815508683
14,0.000887852895202306,0.0005925669599668895
15,0.013926237388115222,0.004186611927279418
16,0.13342944339616486,0.04263317024462863
17,0.5283042932702159,0.2198187904208578
18,1.7809902489208747,1.0235091025827077
