,x_coordinate,y_coordinate
0,0.4711595683388146,0.395681875560673
1,0.6181852219683085,0.39483919732067974
2,0.649168352114593,0.3986466273808392
3,0.6875181156006699,0.46936168119141825
4,0.6839164515856242,0.6650948682527151
5,0.6835006254073455,0.6796733920290451
6,0.6831549627595858,0.6870795533835257
7,0.6809517334992657,0.6885203995255728
8,0.6780296173014583,0.6900162337431852
9,0.6381689614374965,0.6927673083276545
10,0.5921518291370998,0.6930952753138914
11,0.5081529551082701,0.6931426284875266
12,0.4235311225827659,0.6929969017517706
13,0.41180606624535426,0.6928937335679473
14,0.4069813923616309,0.6925709833759872
15,0.40585784384504714,0.6572810541227098
16,0.41223560337239573,0.5863268658970264
17,0.43357369762433545,0.5003996556150514
