,x_coordinate,y_coordinate
0,3.178089873986252,2.9612602759651367
1,2.7080765184416613,3.542606366195891
2,1.791778290378952,3.369903589185905
3,3.623132181730675e-05,2.3061262396065203
4,-4.533949235659215e-05,1.5681033684627594
5,-4.875137528252217e-05,0.22351540179449172
6,-4.779749322379148e-05,0.09682587563680353
7,-3.607840167988814e-05,0.01479233375419072
8,0.6931666865640167,0.01908834890749339
9,1.3862512940008862,0.07152555229991864
10,2.1972476598426263,0.5287305107686442
11,2.564936546649524,0.9551753857681985
12,3.0444977092168033,2.0762803277581052
13,3.1780586163334057,2.8209710248713225
