,x_coordinate,y_coordinate
0,0.5267889087093184,0.5419416754246051
1,0.6449839748530023,0.549204144579325
2,0.6839776366497314,0.6445550703814324
3,0.6875571936836146,0.6546703840552481
4,0.6832164422878599,0.6895274731789179
5,0.681027181610974,0.6926918883122203
6,0.6086291454317475,0.6930126341766355
7,0.5921310850966951,0.6930736526273308
8,0.5080974914935307,0.6931359564299628
9,0.46703751366792956,0.6931609378464629
10,0.4156595670726696,0.6931433017258873
11,0.4069176723636036,0.6931163355030403
12,0.406435639732784,0.6915854248359147
13,0.4062062464126921,0.6904981802771729
14,0.4058670625727095,0.6887357897008645
15,0.40902685146086637,0.6710534366906774
16,0.4122618744692491,0.6553910857291161
17,0.44991256752141284,0.5533656154586427
