,x_coordinate,y_coordinate
0,1.453214641795462,2.5649251544269562
1,1.9245295850674864,5.41613599579478
2,1.7378440913926607,6.271000458993126
3,1.5172812518499112,6.505765790533885
4,0.9219100369486103,6.597191043213305
5,0.4060122653261041,6.507241343764071
6,0.11796431397353892,6.326170572265035
7,0.030698921800403397,5.828929421354988
8,0.014819031603838049,5.450994482693687
9,0.0014471677905851961,4.77070827512679
10,5.514739925343242e-05,3.637620949583789
11,5.2524158786348626e-05,3.1355228769010286
12,5.21495947330096e-05,2.1972490590361367
13,0.0009339385711584968,0.6931354251832738
