,x_coordinate,y_coordinate
0,0.0010877172263727775,0.4687605548403249
1,0.004308304182215645,0.20390432978825648
2,0.021705365814887252,0.13868197093607243
3,0.04411968581614771,0.06251769505467478
4,0.06619999915104281,0.04323190392001695
5,0.13094077936544773,0.056241169453628635
6,0.4540187292237402,0.16279388467318004
7,0.4775665236707146,0.3634462171352213
8,0.47709019811096925,1.2955345670611549
9,0.46489348006497505,2.1228291358771196
10,0.4407777032996547,2.6555235128666927
11,0.34539966415555096,3.28538671937011
12,0.32475638475000235,3.3423484035654236
13,0.2215145448078091,3.3153137311932612
14,0.03366169470894623,3.0293178838321615
15,0.014191535415812076,2.9961313024980294
16,0.00963552626572546,2.820547089036157
17,0.0018643488442280861,2.4962193464998244
18,0.001313527835034234,2.018031324303601
