,x_coordinate,y_coordinate
0,2.9268216191140777,6.326170572265035
1,2.3295208701235404,6.507241343764071
2,1.1982375619552335,5.594741820507175
3,0.5703703970219746,4.6727831947087095
4,0.3370434771277824,4.248458486029164
5,0.1831760631672004,3.637620949583789
6,0.06251769505467478,3.0910016168520955
7,0.04323190392001695,2.772591418735622
8,0.056241169453628635,2.302565056095125
9,0.16279388467318004,1.609399725862882
10,0.5330846599944932,1.0986506305551051
11,0.5735258814947173,1.0986402914280153
12,1.6740144637085004,1.6094596280875197
13,2.6702108205767057,2.397889992179929
14,3.2556112149024092,3.9120207979196615
15,2.9522848377181554,6.214652556074742
