,x_coordinate,y_coordinate
0,1.9312593832005722,3.7528800800936915
1,0.801728912930737,2.7866540285163173
2,0.33372705228734884,1.676789792534755
3,0.04323190392001695,0.02499856595132928
4,0.056241169453628635,0.005511373252590231
5,0.47499926102107015,0.011284673085162709
6,1.0548991347653525,0.04807541949024776
7,1.9451001704515005,0.11954192589216361
8,2.179245670190105,0.1626276877984699
9,2.770378068649,0.5178341637226637
10,3.2556112149024092,1.7566163216625295
11,3.3423484035654236,2.3840936598695506
12,2.6768054000008923,3.384966043198929
13,2.4962765592175984,3.4986002072989053
14,2.1228291358771196,3.6861159103939363
