,x_coordinate,y_coordinate
0,4.971852893262305,4.291361555166909
1,4.96644594068617,5.41829485153804
2,4.935492755797352,5.628264870675687
3,4.5731517181842865,5.6692633655728875
4,3.986326138174202,5.68854984781532
5,3.7535284064152434,5.6922169813943055
6,3.7132854191647517,5.691306705702745
7,3.6220284622021506,5.614157953577766
8,3.450806615350303,5.38178253148627
9,3.3720780524970038,5.208321391138613
10,3.3017927222655166,5.002761458142929
11,3.2607436664079765,4.814732492600314
12,3.239276146393763,4.7097558890919995
13,3.2278161082576227,4.528460643028955
14,3.2220120572675257,4.030382527261826
15,3.2297434199106867,3.864084893733443
16,3.2329430665353747,3.822506023279022
17,3.321751406278533,3.5252073631735383
18,3.419522307427351,3.332637060188039
19,3.4481355990792473,3.2935637564641542
20,3.6426241649784816,3.176910964304312
21,3.7798893507087277,3.1042779189750602
22,4.28509163700522,3.078834050630449
23,4.5816648770318045,3.0922438213938586
24,4.743404934655316,3.1007520463216682
25,4.85666583666831,3.1176911688050426
26,4.94214584812425,3.4802241791954924
27,4.945189080996292,3.52533406298183
