,x_coordinate,y_coordinate
0,0.08081147069664324,4.591402044655955
1,4.5135984246226866e-05,4.5499160047420535
2,-4.1555597712933304e-05,4.5380351696256875
3,-4.616916106493105e-05,4.4949662007730025
4,-4.951431468928848e-05,3.968420531685777
5,-4.9669161253675995e-05,3.6700995676535517
6,-4.990556862630922e-05,2.9168744077187716
7,-4.986773267633021e-05,2.374839789345794
8,-4.933688702468091e-05,1.5172107692392713
9,-4.8611455553827435e-05,0.4547016493719709
10,-4.6611383162618934e-05,0.34289807103807185
11,-4.149423464416841e-05,0.24452717690012574
12,-3.7141739926691684e-05,0.2360887863538651
13,3.849668739711753e-06,0.23575571010989624
14,0.6243258255125916,0.24000379580577735
15,0.961673941121152,0.3569770877264659
16,1.2917614397921853,1.0669608368517145
17,1.365422891953148,2.548145729649872
18,1.3677815769659731,3.560345762596709
19,0.8706918188900111,4.352775998250738
20,0.6746688859248158,4.438216234575553
21,0.2872669203095289,4.572331992839727
