,x_coordinate,y_coordinate
0,0.3122202288275799,3.6092058466543615
1,-1.8247656915202394e-05,3.0763337056464493
2,-3.7226545048013795e-05,2.850206435284369
3,-4.849928193030449e-05,2.4295587181894573
4,-4.964419599465371e-05,1.0443407174349764
5,-4.5011971059249456e-05,0.9078709936810607
6,-3.364544307617161e-05,0.7987581620327993
7,-2.6628819095858658e-05,0.7521173229168939
8,-8.976093179230248e-06,0.7051552065923624
9,0.199815451403335,0.368911787000276
10,0.5163013186273087,-2.1571654496601078e-05
11,1.2181266362869034,-3.7433498902226916e-05
12,2.035015730264506,-4.700721164469992e-05
13,3.279751958344715,-4.428230618227021e-05
14,3.3867760378357445,8.556997809469468e-06
15,3.5344371672200485,0.039189025743844814
16,3.7766862727725763,0.1107493110782817
17,4.230947019682777,0.28817439034036246
18,4.333988752985837,0.38048869893629056
19,4.438369568469163,0.9646382074506971
20,4.508092840449572,2.089508868038341
21,4.446601077415879,2.729398334278372
22,4.381495478861737,2.964696111084301
23,4.076378658589744,3.926182591886897
24,3.7228002595933236,4.57365923765658
25,3.195917429501157,4.635808780083706
26,1.2200772012619856,4.058450795823054
27,0.49792941150506836,3.7868841661618036
